% Bar connectivities in terms of deg of freedom
Tdof = [%    A            B
         1   2   3   4    5   6  % 1
         1   2   3   7    8   9  % 2
         1   2   3   10   11  12  % 3
         1   2   3   13   14  15  % 4
         4   5   6   7    8   9  % 5
         7   8   9   10   11  12  % 6 
         10  11  12  13   14  15  % 7 
         13  14  15  4    5   6  % 8
         4   5   6   10   11  12  % 9
         4   5   6   28   29  30  % 10
         4   5   6   31   32  33  % 11
         4   5   6   37   38  39  % 12
         4   5   6   40   41  42  % 13
         7   8   9   16   17  18  % 14
         7   8   9   19   20  21  % 15
         7   8   9   28   29  30  % 16
         7   8   9   31   32  33  % 17
         10  11  12  19   20  21  % 18
         10  11  12  22   23  24  % 19
         10  11  12  25   26  27  % 20
         10  11  12  28   29  30  % 21
         13  14  15  25   26  27  % 22
         13  14  15  28   29  30  % 23
         13  14  15  34   35  36  % 24
         13  14  15  37   38  39  % 25
         40  41  42  31   32  33  % 26
         31  32  33  28   29  30  % 27
         40  41  42  28   29  30  % 28
         40  41  42  37   38  39  % 29
         37  38  39  28   29  30  % 30
         37  38  39  34   35  36  % 31
         34  35  36  28   29  30  % 32
         34  35  36  25   26  27  % 33
         25  26  27  28   29  30  % 34
         25  26  27  22   23  24  % 35
         22  23  24  19   20  21  % 36
         28  29  30  19   20  21  % 37
         28  29  30  22   23  24  % 38
         31  32  33  16   17  18  % 39
         16  17  18  19   20  21  % 40
         28  29  30  16   17  18  % 41
];